0 1 0 0 37.3490 0.1798
0 0 1 0 12.2890 0.0000
0 1 0 0 39.4810 0.1701
0 1 0 0 28.5350 0.2354
0 1 0 0 35.5170 0.1891
100 1 0 0 31.4150 0.1738
100 1 0 0 32.1310 0.1699
120 1 0 0 41.8410 0.1396
250 1 0 0 11.9280 0.2500
250 1 0 0 11.9920 0.2500
250 1 0 0 11.9720 0.2500
250 1 0 0 11.9740 0.2500
201 1 0 0 12.7010 0.2500
250 1 0 0 11.9410 0.2500
250 1 0 0 38.0580 0.1390
0 1 0 0 16.6400 0.2500
0 1 0 0 12.0420 0.2500
0 0 1 0 7.4890 0.0000
250 1 0 0 11.8920 0.2500
250 1 0 0 11.9640 0.2500
0 0 1 0 8.8790 0.0000
250 1 0 0 51.3500 0.1250
250 1 0 0 11.8960 0.2500
250 1 0 0 11.9220 0.2500
250 1 0 0 20.3590 0.2500
190 1 0 0 29.6070 0.1884
0 1 0 0 40.2700 0.1668
1 1 0 0 11.9930 0.2500
1 1 0 0 11.9590 0.2500
1 1 0 0 11.9830 0.2500
1 1 0 0 12.0230 0.2500
1 1 0 0 11.9570 0.2500
1 1 0 0 11.9530 0.2500
1 1 0 0 12.0010 0.2500
1 1 0 0 11.9420 0.2500
1 1 0 0 11.9770 0.2500
1 1 0 0 11.9730 0.2500
2 1 0 0 11.8970 0.2500
2 1 0 0 11.8800 0.2500
2 1 0 0 11.8590 0.2500
2 1 0 0 11.8400 0.2500
2 1 0 0 11.8400 0.2500
2 1 0 0 11.8950 0.2500
2 1 0 0 11.8600 0.2500
2 1 0 0 11.8930 0.2500
2 1 0 0 11.8720 0.2500
2 1 0 0 11.8590 0.2500
3 1 0 0 23.3170 0.2500
3 1 0 0 21.9880 0.2500
3 1 0 0 22.5650 0.2500
3 1 0 0 21.4400 0.2500
3 1 0 0 46.8660 0.1261
3 1 0 0 44.4330 0.1330
0 1 0 0 12.0940 0.2500
0 1 0 0 22.8300 0.2500
